6.609057583614352360e+00,5.371823267170045213e+00,5.901595662553182464e+00,5.433783135332956427e+00,5.049846451360449961e+00,5.103695527882453398e+00,5.352559250865046359e+00,5.511823416041187862e+00,5.004848049648764174e+00,4.658591682243153898e+00,4.408459833942094619e+00,5.036886522696843116e+00,5.775089079971174932e+00,5.650948578218329743e+00,6.507257272215348998e+00,7.117120378068817921e+00,8.926436207684007584e+00,9.239475258559897597e+00,8.526565814171084057e+00,9.741772584407781821e+00,1.090690366544946599e+01,9.482978053429215848e+00,8.742753130959881602e+00,9.096802482911201082e+00,9.004303644647103866e+00,9.563721949598038563e+00,7.449337059249292459e+00,7.635117444402692577e+00,6.887549079103145289e+00,8.163656103679581832e+00,6.942492383272002243e+00,8.068330376547955041e+00,6.820305763786467246e+00,8.052112962427152354e+00,8.152475979658925453e+00,8.734177666384006500e+00,7.819934176328643183e+00,7.806460456677817739e+00,6.992885511837365620e+00,6.183343140671534677e+00,6.969549795774959478e+00,5.648306385599919821e+00,6.458919885086555901e+00,6.453301776935647105e+00,5.462470740907977351e+00,5.335546390744184464e+00
5.371823267170045213e+00,4.509235022139542082e+00,4.879786606599052057e+00,4.533373811384829644e+00,4.215530001054709430e+00,4.257314556119935034e+00,4.412416713893487774e+00,4.505324900769170249e+00,4.152973676329551722e+00,3.869223097113206222e+00,3.588179871920917918e+00,4.196442782747696221e+00,4.846233948532247204e+00,4.770220539640108726e+00,5.323475920436981923e+00,5.806103505796778030e+00,6.880428618202453883e+00,7.219361104996653289e+00,6.737901109174153191e+00,7.679509992118225270e+00,8.513823927678334513e+00,7.503600992837829331e+00,7.005111903923290306e+00,7.213020404788756501e+00,7.109859190178046795e+00,7.485040520256867502e+00,5.967826798362136920e+00,6.455088626330659274e+00,5.856814770671944004e+00,6.886458503409599530e+00,5.903464187333089086e+00,6.755995424716961573e+00,5.827183315982302325e+00,6.774292979052678909e+00,6.835349017726258580e+00,7.389589770346547404e+00,6.591435312793871404e+00,6.896611466784380085e+00,6.120835984400221363e+00,5.476181906997225290e+00,6.263628113777006234e+00,5.128665679455032489e+00,5.851670142138228670e+00,5.836107201998130378e+00,4.951600177051387774e+00,4.780322553240456074e+00
5.901595662553182464e+00,4.879786606599052057e+00,5.436443840033279962e+00,5.060276959463950952e+00,4.670261989669492131e+00,4.778830072687302533e+00,4.963816340723045784e+00,5.101829724056356596e+00,4.656754568606326750e+00,4.397521731350638952e+00,4.075485824169355453e+00,4.657885001436588013e+00,5.350976322400898155e+00,5.106490152383891257e+00,5.871670125049388567e+00,6.354051204650246198e+00,8.093085399414292169e+00,8.290201298481282066e+00,7.648122438248229571e+00,8.655364154010117161e+00,9.648531298594734906e+00,8.304760757711761698e+00,7.673578360871577075e+00,8.016290078125534180e+00,7.880533571864973830e+00,8.359754313730563879e+00,6.539359881134868324e+00,6.678879913703132054e+00,6.154604850651402614e+00,7.165949352816118001e+00,6.259240208264226446e+00,7.142211472528487093e+00,6.145262887623693437e+00,7.376061638849812141e+00,7.512739095558680802e+00,8.141209467849606085e+00,7.162478684339260049e+00,7.400160715204156858e+00,6.679083059225151331e+00,5.958342021612439865e+00,6.700335630247949759e+00,5.401661529431896369e+00,6.231618245313796045e+00,6.092788123257767197e+00,5.235865069611014277e+00,5.082276816525161500e+00
5.433783135332956427e+00,4.533373811384829644e+00,5.060276959463950952e+00,4.915637968720337980e+00,4.387819776966049190e+00,4.617161114082917628e+00,4.676800648679036776e+00,4.774725503631206180e+00,4.383501521499704623e+00,4.042928270715553829e+00,3.796368496219895583e+00,4.272601043561081724e+00,5.015466598799976694e+00,4.669096418782388014e+00,5.166847510105280428e+00,5.671781596902132350e+00,7.203133789439758239e+00,7.410662683966283915e+00,6.745670917646830134e+00,7.491337255211442780e+00,8.469602011480947823e+00,7.311140059772698763e+00,6.707076946555439179e+00,7.071260231035361166e+00,6.923038123299846802e+00,7.440848351575890973e+00,5.780214586149388545e+00,5.970728760189828677e+00,5.636222172767029193e+00,6.409618628074085223e+00,5.755529143022474869e+00,6.350890114754839111e+00,5.538483085964648112e+00,6.883643117976006920e+00,6.837622672853758132e+00,7.533084959495173649e+00,6.643673052275366864e+00,6.782128579738567531e+00,6.285564766182605290e+00,5.653018696482160266e+00,6.287670420055983200e+00,5.044371556995516315e+00,5.863752056595510354e+00,5.539390011583068762e+00,4.890305390410653708e+00,4.655165560474097575e+00
5.049846451360449961e+00,4.215530001054709430e+00,4.670261989669492131e+00,4.387819776966049190e+00,4.074199816518180306e+00,4.169991852288255529e+00,4.351184610661473329e+00,4.464150536016439297e+00,4.080588256548309367e+00,3.843281355138302047e+00,3.572470536468581592e+00,4.041752868847901858e+00,4.571360060678176573e+00,4.396229398585790094e+00,5.055646363307221947e+00,5.444965199409702805e+00,7.010216964272308893e+00,7.148331701510408642e+00,6.570904072555472375e+00,7.408774035294971583e+00,8.200643752724735336e+00,7.065918396003580959e+00,6.544918769841860495e+00,6.837635087726532390e+00,6.697707095332405380e+00,7.064556833291156579e+00,5.567646506356727976e+00,5.642036383448103543e+00,5.244185571646064581e+00,6.020768446263164542e+00,5.341462144227430819e+00,6.053127816414349383e+00,5.257398097344089472e+00,6.310354018252547270e+00,6.448135887021430257e+00,7.015282110883510391e+00,6.155102788393552515e+00,6.453274012662888914e+00,5.821972610759438282e+00,5.230115303182720332e+00,5.855148917651786356e+00,4.768085102319900237e+00,5.477777534520151370e+00,5.367457578872889101e+00,4.631242082314076747e+00,4.528477102998031079e+00
5.103695527882453398e+00,4.257314556119935034e+00,4.778830072687302533e+00,4.617161114082917628e+00,4.169991852288255529e+00,4.403215943114649811e+00,4.499261191449805963e+00,4.611267265326207010e+00,4.211829057024699452e+00,3.966096256369552986e+00,3.735172581885728427e+00,4.115562975959208281e+00,4.700210156389186267e+00,4.373830392005824130e+00,4.971606342304248471e+00,5.384173685071718118e+00,7.183807640247204418e+00,7.263113388688113403e+00,6.578272249683294604e+00,7.299410511896257781e+00,8.164811697667921919e+00,6.961413455047084753e+00,6.376230008221331680e+00,6.750887344622817032e+00,6.591449142538860606e+00,7.028088798358909983e+00,5.468810498152365973e+00,5.376756962970415721e+00,5.132824054199862651e+00,5.750156769816038960e+00,5.275955478116636677e+00,5.846054226455618341e+00,5.108879848126380629e+00,6.424478684405914741e+00,6.469415963185600305e+00,7.115312611896817074e+00,6.235194572413844227e+00,6.400216081635663024e+00,5.959479007790455363e+00,5.373816499236382604e+00,5.913632116460346033e+00,4.740864930876431238e+00,5.519142124471493993e+00,5.207731653433780750e+00,4.610825867190059490e+00,4.467025847535854410e+00
5.352559250865046359e+00,4.412416713893487774e+00,4.963816340723045784e+00,4.676800648679036776e+00,4.351184610661473329e+00,4.499261191449805963e+00,4.861297650855986419e+00,4.984119273467249478e+00,4.483958322238003724e+00,4.298566977802932065e+00,4.022801592158445239e+00,4.406931514655517468e+00,4.848621251296784784e+00,4.590731016810867260e+00,5.539526740090940926e+00,5.935781277731293493e+00,8.360241489150604721e+00,8.300305581825758949e+00,7.487690923304559654e+00,8.496448309894974571e+00,9.366717159751772215e+00,7.753205734520355996e+00,7.079225872212034254e+00,7.469700734305715351e+00,7.339145587509385393e+00,7.646693291281510874e+00,5.932227818414267162e+00,5.560923590226168223e+00,5.227557946495016594e+00,5.954162781624676271e+00,5.414817394226723479e+00,6.217321318202950309e+00,5.350894351534580373e+00,6.592134837104596023e+00,6.880842293273762955e+00,7.409546638198765578e+00,6.468912648309857794e+00,6.559972664609983184e+00,6.015986755926518548e+00,5.365928296874551862e+00,5.840410550351703201e+00,4.686205438813794366e+00,5.436680852794555818e+00,5.310130847878909321e+00,4.598941164992827346e+00,4.651506340647102888e+00
5.511823416041187862e+00,4.505324900769170249e+00,5.101829724056356596e+00,4.774725503631206180e+00,4.464150536016439297e+00,4.611267265326207010e+00,4.984119273467249478e+00,5.188572877222392243e+00,4.632865584398024872e+00,4.455326945455685639e+00,4.164506983749603819e+00,4.555840979839184790e+00,4.971252330246586304e+00,4.694580380028828159e+00,5.799945814991755100e+00,6.203352880734408714e+00,8.983700033047838929e+00,8.845943893162413474e+00,7.933066872542855030e+00,9.048371780139099485e+00,9.951750314212524984e+00,8.158095898411410474e+00,7.405259078226722913e+00,7.835622227129912076e+00,7.706960513744954611e+00,8.021269649492172249e+00,6.175072147970515068e+00,5.612567685440987830e+00,5.264413090281739649e+00,6.023115057819247831e+00,5.489114485153140599e+00,6.376145221686586595e+00,5.436338425887656811e+00,6.746712113792186827e+00,7.109811265393239488e+00,7.610105392763159671e+00,6.629934045662772668e+00,6.643406888731418825e+00,6.100130818258781673e+00,5.417393884115424996e+00,5.852297881402869884e+00,4.663748674205210776e+00,5.428230650348222497e+00,5.311806384273229931e+00,4.585683116941683402e+00,4.691685471047896350e+00
5.004848049648764174e+00,4.152973676329551722e+00,4.656754568606326750e+00,4.383501521499704623e+00,4.080588256548309367e+00,4.211829057024699452e+00,4.483958322238003724e+00,4.632865584398024872e+00,4.197723654228616930e+00,4.000145979650196360e+00,3.730023346330611389e+00,4.130867386695446619e+00,4.582557563738253847e+00,4.348740003666411447e+00,5.171495142257075628e+00,5.538600751487947171e+00,7.640920151921374526e+00,7.625787523300996185e+00,6.906098269824991753e+00,7.824688159980480506e+00,8.611039391092727868e+00,7.192307893142984909e+00,6.592897955563723933e+00,6.942851442704004228e+00,6.805516878998162156e+00,7.105729809496897253e+00,5.542279188541487933e+00,5.309371437424340812e+00,4.982747114039041136e+00,5.679627384233357112e+00,5.136712857170690150e+00,5.865826416868318738e+00,5.069279304247243267e+00,6.215085448139528346e+00,6.451413806124957517e+00,6.974451295479452639e+00,6.088690125370381345e+00,6.227383823265714824e+00,5.708623829028806718e+00,5.112425835872717705e+00,5.599586155373952323e+00,4.512416587790807121e+00,5.217213433978095338e+00,5.084018437308755800e+00,4.419760896732224609e+00,4.423764305470726299e+00
4.658591682243153898e+00,3.869223097113206222e+00,4.397521731350638952e+00,4.042928270715553829e+00,3.843281355138302047e+00,3.966096256369552986e+00,4.298566977802932065e+00,4.455326945455685639e+00,4.000145979650196360e+00,4.788840798940895205e+00,4.267012768954659307e+00,4.633095086328495427e+00,4.819779603824203562e+00,4.390627239540215498e+00,5.516882817681763918e+00,5.678546725273698748e+00,8.152418478919445377e+00,7.936526985569440917e+00,7.383498028637534460e+00,8.620650980849672962e+00,9.196567585931962441e+00,7.233435696927708491e+00,6.614660187278593284e+00,6.859757871791025252e+00,6.699940529660866062e+00,6.595445142179752196e+00,5.185552220519579869e+00,4.571927030176471618e+00,4.330854603853202534e+00,4.993631786214476342e+00,4.663488697499363234e+00,5.652382240110855882e+00,4.822666183174725951e+00,5.878581336989529227e+00,6.545804138713116060e+00,6.889080582902149530e+00,5.872117366216791368e+00,6.167947856610843438e+00,5.433600884020108879e+00,4.724901230582058353e+00,5.221833044986644801e+00,3.983201267309576021e+00,4.882914317296910056e+00,4.832563848325998279e+00,3.904702850030325134e+00,4.121291496956095202e+00
4.408459833942094619e+00,3.588179871920917918e+00,4.075485824169355453e+00,3.796368496219895583e+00,3.572470536468581592e+00,3.735172581885728427e+00,4.022801592158445239e+00,4.164506983749603819e+00,3.730023346330611389e+00,4.267012768954659307e+00,4.114021002911933067e+00,4.219180980760650179e+00,4.372289417037735326e+00,4.036954757806770822e+00,4.960739284298393947e+00,5.172613639439708422e+00,7.656756821619132403e+00,7.453169139091166073e+00,6.797232443398344870e+00,7.818446372948814727e+00,8.423894097095207201e+00,6.742320283056210783e+00,6.097387197787462298e+00,6.438510670930811308e+00,6.301129250211013222e+00,6.341292571345758411e+00,4.909942405824128997e+00,4.093737353474184104e+00,3.937672124230441550e+00,4.387242473912054130e+00,4.142664936338217530e+00,4.967072263459538561e+00,4.200837985424216825e+00,5.329002609398013846e+00,5.766706246221238175e+00,6.128745227521420702e+00,5.287124069607599175e+00,5.224314918736980395e+00,4.830138915650674214e+00,4.238424397871441762e+00,4.540303485005889428e+00,3.507837371463436771e+00,4.193783960127230870e+00,4.082688657729693027e+00,3.473840089929817854e+00,3.648125451538286601e+00
5.036886522696843116e+00,4.196442782747696221e+00,4.657885001436588013e+00,4.272601043561081724e+00,4.041752868847901858e+00,4.115562975959208281e+00,4.406931514655517468e+00,4.555840979839184790e+00,4.130867386695446619e+00,4.633095086328495427e+00,4.219180980760650179e+00,4.945858362182835144e+00,5.589268154659942311e+00,5.127280027582518329e+00,5.893454717134130050e+00,6.353860698040113775e+00,8.021402625291019106e+00,8.109908795770980561e+00,7.525052260736813103e+00,8.802616020252784779e+00,9.416648676302763477e+00,7.801394063539457413e+00,7.091303103745032033e+00,7.285306623206544430e+00,7.116955777002219818e+00,7.249693163036369015e+00,5.687832194145881815e+00,5.544102017840728536e+00,5.058971318500660175e+00,6.008614922808064307e+00,5.265186303375364751e+00,6.246122320200282907e+00,5.326662046979971699e+00,6.305651293247470868e+00,6.730456798729316681e+00,7.165036371645424396e+00,6.237781083719819541e+00,6.443312360980852915e+00,5.683973232935099595e+00,4.949988608373393717e+00,5.627789037130651373e+00,4.340842808677467524e+00,5.192797600138132630e+00,5.101762261873105331e+00,4.165349925264679065e+00,4.257323606095867241e+00
5.775089079971174932e+00,4.846233948532247204e+00,5.350976322400898155e+00,5.015466598799976694e+00,4.571360060678176573e+00,4.700210156389186267e+00,4.848621251296784784e+00,4.971252330246586304e+00,4.582557563738253847e+00,4.819779603824203562e+00,4.372289417037735326e+00,5.589268154659942311e+00,7.224563396024271889e+00,6.374903339571376115e+00,6.526364609334429190e+00,7.468398048909289599e+00,7.966608000563154768e+00,8.489524835618865950e+00,7.837304108113731793e+00,9.128022046442263004e+00,9.946140541241970112e+00,8.609785534152543107e+00,7.733908435314249097e+00,7.926661354052822794e+00,7.738693957841165982e+00,8.269219515586129887e+00,6.405745787966253602e+00,6.999124987386129426e+00,6.285056330473834052e+00,7.650981827485307640e+00,6.400952257181937277e+00,7.246370845204932465e+00,6.263592192484187748e+00,7.412558308271274043e+00,7.448852376413522158e+00,8.143094706481759815e+00,7.187561162327058106e+00,7.298959206943138156e+00,6.593073238315031226e+00,5.762060601812371452e+00,6.745807880922455091e+00,5.118016103324261046e+00,6.115896026247460426e+00,5.691607948915580195e+00,4.787829868480993234e+00,4.618136050513119706e+00
5.650948578218329743e+00,4.770220539640108726e+00,5.106490152383891257e+00,4.669096418782388014e+00,4.396229398585790094e+00,4.373830392005824130e+00,4.590731016810867260e+00,4.694580380028828159e+00,4.348740003666411447e+00,4.390627239540215498e+00,4.036954757806770822e+00,5.127280027582518329e+00,6.374903339571376115e+00,6.043341299541739708e+00,6.283344781303730642e+00,7.136174877450060627e+00,7.469210865006893130e+00,8.064891268229597898e+00,7.515340073582308378e+00,8.831326238123169858e+00,9.542487077197588263e+00,8.452405974963554058e+00,7.749867096893500396e+00,7.844641175446825265e+00,7.710706293209748097e+00,8.093652659261797666e+00,6.423996670298557810e+00,7.201101166496373551e+00,6.355851214288350981e+00,7.746635876785326502e+00,6.374681169508873424e+00,7.371480186070001217e+00,6.327944965073229788e+00,7.149442456000835833e+00,7.217256145886357110e+00,7.792935840584463314e+00,6.970282159766783003e+00,7.212008987314567854e+00,6.317572722383165917e+00,5.555206531682593152e+00,6.568387305616493421e+00,5.217012896444670922e+00,6.023632917985878521e+00,5.951752987179169452e+00,4.922722238383414606e+00,4.796917173289473091e+00
6.507257272215348998e+00,5.323475920436981923e+00,5.871670125049388567e+00,5.166847510105280428e+00,5.055646363307221947e+00,4.971606342304248471e+00,5.539526740090940926e+00,5.799945814991755100e+00,5.171495142257075628e+00,5.516882817681763918e+00,4.960739284298393947e+00,5.893454717134130050e+00,6.526364609334429190e+00,6.283344781303730642e+00,7.825570139881037335e+00,8.422084227674952572e+00,1.126890218296524004e+01,1.121275424092599415e+01,1.026052032536943592e+01,1.231953546055173376e+01,1.311680266302750830e+01,1.065525155768689025e+01,9.674200124069461282e+00,9.906233855632383012e+00,9.805504313645588610e+00,9.859217153235469766e+00,7.671997974570420986e+00,7.397212104491353024e+00,6.494920204862027369e+00,8.049307910469391203e+00,6.806592264165027828e+00,8.457819492524977889e+00,7.017594887276240812e+00,8.007573577299750056e+00,8.819774709890422670e+00,9.060811358157859985e+00,7.985035041101936848e+00,8.023359573026606739e+00,6.903653001048764892e+00,5.940830778661066347e+00,6.698484153780372097e+00,5.247830986183346091e+00,6.152840545008188222e+00,6.420955837304293645e+00,5.139111531339277228e+00,5.428389596817567941e+00
7.117120378068817921e+00,5.806103505796778030e+00,6.354051204650246198e+00,5.671781596902132350e+00,5.444965199409702805e+00,5.384173685071718118e+00,5.935781277731293493e+00,6.203352880734408714e+00,5.538600751487947171e+00,5.678546725273698748e+00,5.172613639439708422e+00,6.353860698040113775e+00,7.468398048909289599e+00,7.136174877450060627e+00,8.422084227674952572e+00,9.480136278567938390e+00,1.189902874721947512e+01,1.212193706838082541e+01,1.089333436615075001e+01,1.318704427214924912e+01,1.412705410150467600e+01,1.164702783920953522e+01,1.043526731823195419e+01,1.067799770354782751e+01,1.061579239918758510e+01,1.085309495793623391e+01,8.347985098158067885e+00,8.395368052948029458e+00,7.301007021301292532e+00,9.141643397577578156e+00,7.576440400950255949e+00,9.298388673197859333e+00,7.673947273504903244e+00,8.792986602511325245e+00,9.427453896308380266e+00,9.752170260731432450e+00,8.684440051330497568e+00,8.547481544937291176e+00,7.368615531189580459e+00,6.297219248211740172e+00,7.213042383584478578e+00,5.577321327676539653e+00,6.568019823012620328e+00,6.745661785711416947e+00,5.400488238605415603e+00,5.625488820579645832e+00
8.926436207684007584e+00,6.880428618202453883e+00,8.093085399414292169e+00,7.203133789439758239e+00,7.010216964272308893e+00,7.183807640247204418e+00,8.360241489150604721e+00,8.983700033047838929e+00,7.640920151921374526e+00,8.152418478919445377e+00,7.656756821619132403e+00,8.021402625291019106e+00,7.966608000563154768e+00,7.469210865006893130e+00,1.126890218296524004e+01,1.189902874721947512e+01,2.109401019889395101e+01,1.951581418780219579e+01,1.682491208208069011e+01,2.020217300243108483e+01,2.151551014841817633e+01,1.595819653628704060e+01,1.387022967955309483e+01,1.485076364824683282e+01,1.473980360644011611e+01,1.464142108398921671e+01,1.069511628569095407e+01,7.435952043718925708e+00,6.781194570720837866e+00,8.234937311430146067e+00,7.655345159757844797e+00,1.018720965211995733e+01,8.003281649596841518e+00,1.030880688012892321e+01,1.213929378366462863e+01,1.198906401796679333e+01,1.045664383868745162e+01,8.998606477340624465e+00,8.411223664871599226e+00,7.076117920182717569e+00,6.835467007928945904e+00,5.028051317565966905e+00,6.093222798514204896e+00,6.340486161441591051e+00,5.347317573573979743e+00,6.405479236687134481e+00
9.239475258559897597e+00,7.219361104996653289e+00,8.290201298481282066e+00,7.410662683966283915e+00,7.148331701510408642e+00,7.263113388688113403e+00,8.300305581825758949e+00,8.845943893162413474e+00,7.625787523300996185e+00,7.936526985569440917e+00,7.453169139091166073e+00,8.109908795770980561e+00,8.489524835618865950e+00,8.064891268229597898e+00,1.121275424092599415e+01,1.212193706838082541e+01,1.951581418780219579e+01,1.859661797603593669e+01,1.616216930520255346e+01,1.944870124432407366e+01,2.084168500862726603e+01,1.598567866699899120e+01,1.401720026596843383e+01,1.482128557870514207e+01,1.474510713859758404e+01,1.481217220863201511e+01,1.096349640908661804e+01,8.709771445212421526e+00,7.801959317644986847e+00,9.557772792192471556e+00,8.495400502091342787e+00,1.096146093816707356e+01,8.723529741561636186e+00,1.085913088904351653e+01,1.232053354052200156e+01,1.235023306422827361e+01,1.089555916940777536e+01,9.678927028597810178e+00,8.824714605170337123e+00,7.443958669506865355e+00,7.629009307700361120e+00,5.707831047329565699e+00,6.847049228381786534e+00,7.069670329098453720e+00,5.859486142611440407e+00,6.667811698018359934e+00
8.526565814171084057e+00,6.737901109174153191e+00,7.648122438248229571e+00,6.745670917646830134e+00,6.570904072555472375e+00,6.578272249683294604e+00,7.487690923304559654e+00,7.933066872542855030e+00,6.906098269824991753e+00,7.383498028637534460e+00,6.797232443398344870e+00,7.525052260736813103e+00,7.837304108113731793e+00,7.515340073582308378e+00,1.026052032536943592e+01,1.089333436615075001e+01,1.682491208208069011e+01,1.616216930520255346e+01,1.448523843790641408e+01,1.730971543298604232e+01,1.858429740745641823e+01,1.444809416613622766e+01,1.292053644312447247e+01,1.349976700106528682e+01,1.341204287509304471e+01,1.340220590123725586e+01,1.011876591503622969e+01,8.558519461311933085e+00,7.597679917025133456e+00,9.370583680549627204e+00,8.174159257305294801e+00,1.045696409245168823e+01,8.440745395478888469e+00,1.010532718619657189e+01,1.142416780070526272e+01,1.149501211696856018e+01,1.012969768533401194e+01,9.426894277543409473e+00,8.353289506119244479e+00,7.060332375546780170e+00,7.510683541776934646e+00,5.712798005446011018e+00,6.800478032427580644e+00,7.130916971845318031e+00,5.738389909659610488e+00,6.407390182886418373e+00
9.741772584407781821e+00,7.679509992118225270e+00,8.655364154010117161e+00,7.491337255211442780e+00,7.408774035294971583e+00,7.299410511896257781e+00,8.496448309894974571e+00,9.048371780139099485e+00,7.824688159980480506e+00,8.620650980849672962e+00,7.818446372948814727e+00,8.802616020252784779e+00,9.128022046442263004e+00,8.831326238123169858e+00,1.231953546055173376e+01,1.318704427214924912e+01,2.020217300243108483e+01,1.944870124432407366e+01,1.730971543298604232e+01,2.144221992565978496e+01,2.269759607922607714e+01,1.733437152855141861e+01,1.538693049525926959e+01,1.591482777896572820e+01,1.594093011167568719e+01,1.557153473966532253e+01,1.172658572378224306e+01,1.012778819165387034e+01,8.779606766813314422e+00,1.123417027999382967e+01,9.534546652975667058e+00,1.268941732502746511e+01,1.003472708637427679e+01,1.174519792964551002e+01,1.365808018961575421e+01,1.338817176916017893e+01,1.183917624670349866e+01,1.081350962004232485e+01,9.318134081749134268e+00,7.695092765754593778e+00,8.222906119300940730e+00,6.089524479321371864e+00,7.374380314512831269e+00,8.028338881085346657e+00,6.244313468387722388e+00,7.182868954246902859e+00
1.090690366544946599e+01,8.513823927678334513e+00,9.648531298594734906e+00,8.469602011480947823e+00,8.200643752724735336e+00,8.164811697667921919e+00,9.366717159751772215e+00,9.951750314212524984e+00,8.611039391092727868e+00,9.196567585931962441e+00,8.423894097095207201e+00,9.416648676302763477e+00,9.946140541241970112e+00,9.542487077197588263e+00,1.311680266302750830e+01,1.412705410150467600e+01,2.151551014841817633e+01,2.084168500862726603e+01,1.858429740745641823e+01,2.269759607922607714e+01,2.453635733552525267e+01,1.887584937113276240e+01,1.676103524819766832e+01,1.743144849017112463e+01,1.749253162781368331e+01,1.737879275173702709e+01,1.296629448174061139e+01,1.137769629051835985e+01,9.900750709786919401e+00,1.261176751811900409e+01,1.066381553202189991e+01,1.389879433902971506e+01,1.099139804051789859e+01,1.306514369983945834e+01,1.480160869914171506e+01,1.464516585956295280e+01,1.304393628880342604e+01,1.162068223664528688e+01,1.018676866223464827e+01,8.394417501537157378e+00,8.983496117853556839e+00,6.596810630943855891e+00,8.000332627321176560e+00,8.519420446646844169e+00,6.697095329747606129e+00,7.564408762469428282e+00
9.482978053429215848e+00,7.503600992837829331e+00,8.304760757711761698e+00,7.311140059772698763e+00,7.065918396003580959e+00,6.961413455047084753e+00,7.753205734520355996e+00,8.158095898411410474e+00,7.192307893142984909e+00,7.233435696927708491e+00,6.742320283056210783e+00,7.801394063539457413e+00,8.609785534152543107e+00,8.452405974963554058e+00,1.065525155768689025e+01,1.164702783920953522e+01,1.595819653628704060e+01,1.598567866699899120e+01,1.444809416613622766e+01,1.733437152855141861e+01,1.887584937113276240e+01,1.553026542769260132e+01,1.398122396843901072e+01,1.447040715807091260e+01,1.443027137798186388e+01,1.482091526854452646e+01,1.126573635902308013e+01,1.069260372966818728e+01,9.301380863372802565e+00,1.159786183922033587e+01,9.607198116086962614e+00,1.202120654619814211e+01,9.718109220475293242e+00,1.128249538449346367e+01,1.218332363883424918e+01,1.244817045276774437e+01,1.116151510012222126e+01,1.050420497333879410e+01,9.134511936149470657e+00,7.736917478233413803e+00,8.620610068928154845e+00,6.718690342739571442e+00,7.832819663847529590e+00,8.225575982877995074e+00,6.590637645864195981e+00,6.947919917093071440e+00
8.742753130959881602e+00,7.005111903923290306e+00,7.673578360871577075e+00,6.707076946555439179e+00,6.544918769841860495e+00,6.376230008221331680e+00,7.079225872212034254e+00,7.405259078226722913e+00,6.592897955563723933e+00,6.614660187278593284e+00,6.097387197787462298e+00,7.091303103745032033e+00,7.733908435314249097e+00,7.749867096893500396e+00,9.674200124069461282e+00,1.043526731823195419e+01,1.387022967955309483e+01,1.401720026596843383e+01,1.292053644312447247e+01,1.538693049525926959e+01,1.676103524819766832e+01,1.398122396843901072e+01,1.283224233594009789e+01,1.317399869948254754e+01,1.310776139756547209e+01,1.340647380604750083e+01,1.037703763959265579e+01,1.020328686645466298e+01,8.874320782204625502e+00,1.100682341808757592e+01,9.089645485913372625e+00,1.125387188677150974e+01,9.228848078692257317e+00,1.046152766815261614e+01,1.124455437306922789e+01,1.155066502524242900e+01,1.036000163776596494e+01,1.008007839433340003e+01,8.662652063527589874e+00,7.415408860287174164e+00,8.375995958274154773e+00,6.689326675319426485e+00,7.689960747635335103e+00,8.173320374223035145e+00,6.536099814251483231e+00,6.799089119867374187e+00
9.096802482911201082e+00,7.213020404788756501e+00,8.016290078125534180e+00,7.071260231035361166e+00,6.837635087726532390e+00,6.750887344622817032e+00,7.469700734305715351e+00,7.835622227129912076e+00,6.942851442704004228e+00,6.859757871791025252e+00,6.438510670930811308e+00,7.285306623206544430e+00,7.926661354052822794e+00,7.844641175446825265e+00,9.906233855632383012e+00,1.067799770354782751e+01,1.485076364824683282e+01,1.482128557870514207e+01,1.349976700106528682e+01,1.591482777896572820e+01,1.743144849017112463e+01,1.447040715807091260e+01,1.317399869948254754e+01,1.373187786347151729e+01,1.362388793936955089e+01,1.409759475131990136e+01,1.076890765924148141e+01,1.013165100783101380e+01,8.915232260260827601e+00,1.091381038927684344e+01,9.134193808678288562e+00,1.124387321927681249e+01,9.207226347740489203e+00,1.072626247205668371e+01,1.148624721922361225e+01,1.186229082376754462e+01,1.059073512134554207e+01,1.010621338769590771e+01,8.896994324356814587e+00,7.653158935702537136e+00,8.441993869161185771e+00,6.736650684838427772e+00,7.733987391696343749e+00,8.094683562676403099e+00,6.626776065637026036e+00,6.895757071674839089e+00
9.004303644647103866e+00,7.109859190178046795e+00,7.880533571864973830e+00,6.923038123299846802e+00,6.697707095332405380e+00,6.591449142538860606e+00,7.339145587509385393e+00,7.706960513744954611e+00,6.805516878998162156e+00,6.699940529660866062e+00,6.301129250211013222e+00,7.116955777002219818e+00,7.738693957841165982e+00,7.710706293209748097e+00,9.805504313645588610e+00,1.061579239918758510e+01,1.473980360644011611e+01,1.474510713859758404e+01,1.341204287509304471e+01,1.594093011167568719e+01,1.749253162781368331e+01,1.443027137798186388e+01,1.310776139756547209e+01,1.362388793936955089e+01,1.362124023662654970e+01,1.402244910019853563e+01,1.069257260552289601e+01,1.013744271497378158e+01,8.860756780538567412e+00,1.095165469191219110e+01,9.093314090601770872e+00,1.130459965593442639e+01,9.177084111540947831e+00,1.065422302562180512e+01,1.142854894835506840e+01,1.170991942060892299e+01,1.049817837348995120e+01,9.875352116484322096e+00,8.662497786541402789e+00,7.397628312170732023e+00,8.180128378800093358e+00,6.480663550984959720e+00,7.448571092972164465e+00,7.878977767288765754e+00,6.392548703550639644e+00,6.702687173704664936e+00
9.563721949598038563e+00,7.485040520256867502e+00,8.359754313730563879e+00,7.440848351575890973e+00,7.064556833291156579e+00,7.028088798358909983e+00,7.646693291281510874e+00,8.021269649492172249e+00,7.105729809496897253e+00,6.595445142179752196e+00,6.341292571345758411e+00,7.249693163036369015e+00,8.269219515586129887e+00,8.093652659261797666e+00,9.859217153235469766e+00,1.085309495793623391e+01,1.464142108398921671e+01,1.481217220863201511e+01,1.340220590123725586e+01,1.557153473966532253e+01,1.737879275173702709e+01,1.482091526854452646e+01,1.340647380604750083e+01,1.409759475131990136e+01,1.402244910019853563e+01,1.500733923214793286e+01,1.131407182025478342e+01,1.072898995599969751e+01,9.437931494825605228e+00,1.151651316242851486e+01,9.529385706497036423e+00,1.148029899377239360e+01,9.389333337434157656e+00,1.110830767232455329e+01,1.150343983984495644e+01,1.207228231019439058e+01,1.082685431411244714e+01,1.016987082428717315e+01,9.108579753783812905e+00,7.868751163216613165e+00,8.705333448055986523e+00,6.959846882359212117e+00,7.921310871406968879e+00,8.107688531076657767e+00,6.756195774109662544e+00,6.854386582233845004e+00
7.449337059249292459e+00,5.967826798362136920e+00,6.539359881134868324e+00,5.780214586149388545e+00,5.567646506356727976e+00,5.468810498152365973e+00,5.932227818414267162e+00,6.175072147970515068e+00,5.542279188541487933e+00,5.185552220519579869e+00,4.909942405824128997e+00,5.687832194145881815e+00,6.405745787966253602e+00,6.423996670298557810e+00,7.671997974570420986e+00,8.347985098158067885e+00,1.069511628569095407e+01,1.096349640908661804e+01,1.011876591503622969e+01,1.172658572378224306e+01,1.296629448174061139e+01,1.126573635902308013e+01,1.037703763959265579e+01,1.076890765924148141e+01,1.069257260552289601e+01,1.131407182025478342e+01,8.818217536703583548e+00,8.715025582849065700e+00,7.681248926664671295e+00,9.286169164775577300e+00,7.707807545803725624e+00,9.238226817025548598e+00,7.685722737285201944e+00,8.829871243399967540e+00,9.139476568850314564e+00,9.665262780343185867e+00,8.638335757596429687e+00,8.609652652106875692e+00,7.544067629851944901e+00,6.608007390577525619e+00,7.477215955434989070e+00,6.099606645691198814e+00,6.884296910884180498e+00,7.136180191159799513e+00,5.883645749096545252e+00,5.917873740262263205e+00
7.635117444402692577e+00,6.455088626330659274e+00,6.678879913703132054e+00,5.970728760189828677e+00,5.642036383448103543e+00,5.376756962970415721e+00,5.560923590226168223e+00,5.612567685440987830e+00,5.309371437424340812e+00,4.571927030176471618e+00,4.093737353474184104e+00,5.544102017840728536e+00,6.999124987386129426e+00,7.201101166496373551e+00,7.397212104491353024e+00,8.395368052948029458e+00,7.435952043718925708e+00,8.709771445212421526e+00,8.558519461311933085e+00,1.012778819165387034e+01,1.137769629051835985e+01,1.069260372966818728e+01,1.020328686645466298e+01,1.013165100783101380e+01,1.013744271497378158e+01,1.072898995599969751e+01,8.715025582849065700e+00,1.131973298693946717e+01,9.683064935043034893e+00,1.213632113802235502e+01,9.440705057220036167e+00,1.091967521252854212e+01,9.314862533284513191e+00,9.823290269801153940e+00,9.621896662302205527e+00,1.030283746155639513e+01,9.448866158200818433e+00,1.003798837597104132e+01,8.338596018216588135e+00,7.347895091878053897e+00,9.063457113501348417e+00,7.538510358118033494e+00,8.438143500379144513e+00,8.859449575775403929e+00,7.152486443173134312e+00,6.660141761744085009e+00
6.887549079103145289e+00,5.856814770671944004e+00,6.154604850651402614e+00,5.636222172767029193e+00,5.244185571646064581e+00,5.132824054199862651e+00,5.227557946495016594e+00,5.264413090281739649e+00,4.982747114039041136e+00,4.330854603853202534e+00,3.937672124230441550e+00,5.058971318500660175e+00,6.285056330473834052e+00,6.355851214288350981e+00,6.494920204862027369e+00,7.301007021301292532e+00,6.781194570720837866e+00,7.801959317644986847e+00,7.597679917025133456e+00,8.779606766813314422e+00,9.900750709786919401e+00,9.301380863372802565e+00,8.874320782204625502e+00,8.915232260260827601e+00,8.860756780538567412e+00,9.437931494825605228e+00,7.681248926664671295e+00,9.683064935043034893e+00,8.527545153781312948e+00,1.035551857232872131e+01,8.321311897760711673e+00,9.442924446589215037e+00,8.156467709367351659e+00,8.904014127474566109e+00,8.688517410381541239e+00,9.450615240279946150e+00,8.556733693420150999e+00,9.197364542902281670e+00,7.851249180892106772e+00,7.004528017791764150e+00,8.457364639522646499e+00,7.026189625588194154e+00,7.899294607155606052e+00,8.064183537497720877e+00,6.693046102708279932e+00,6.206911984050058173e+00
8.163656103679581832e+00,6.886458503409599530e+00,7.165949352816118001e+00,6.409618628074085223e+00,6.020768446263164542e+00,5.750156769816038960e+00,5.954162781624676271e+00,6.023115057819247831e+00,5.679627384233357112e+00,4.993631786214476342e+00,4.387242473912054130e+00,6.008614922808064307e+00,7.650981827485307640e+00,7.746635876785326502e+00,8.049307910469391203e+00,9.141643397577578156e+00,8.234937311430146067e+00,9.557772792192471556e+00,9.370583680549627204e+00,1.123417027999382967e+01,1.261176751811900409e+01,1.159786183922033587e+01,1.100682341808757592e+01,1.091381038927684344e+01,1.095165469191219110e+01,1.151651316242851486e+01,9.286169164775577300e+00,1.213632113802235502e+01,1.035551857232872131e+01,1.316472817177067611e+01,1.017752687255495481e+01,1.184740550576309204e+01,1.005075145073799625e+01,1.061945625328835874e+01,1.049606648509277207e+01,1.111646581082995588e+01,1.021160000547561886e+01,1.067079767441249949e+01,8.873470040462180464e+00,7.747578550229394345e+00,9.560536550077182838e+00,7.838375096818901433e+00,8.848231904055657182e+00,9.282763318911683825e+00,7.463272058023944666e+00,6.954236782005333239e+00
6.942492383272002243e+00,5.903464187333089086e+00,6.259240208264226446e+00,5.755529143022474869e+00,5.341462144227430819e+00,5.275955478116636677e+00,5.414817394226723479e+00,5.489114485153140599e+00,5.136712857170690150e+00,4.663488697499363234e+00,4.142664936338217530e+00,5.265186303375364751e+00,6.400952257181937277e+00,6.374681169508873424e+00,6.806592264165027828e+00,7.576440400950255949e+00,7.655345159757844797e+00,8.495400502091342787e+00,8.174159257305294801e+00,9.534546652975667058e+00,1.066381553202189991e+01,9.607198116086962614e+00,9.089645485913372625e+00,9.134193808678288562e+00,9.093314090601770872e+00,9.529385706497036423e+00,7.707807545803725624e+00,9.440705057220036167e+00,8.321311897760711673e+00,1.017752687255495481e+01,8.362672218487020359e+00,9.612875865217835880e+00,8.242036801335020257e+00,9.196017605786025229e+00,9.165665543093544088e+00,9.879276870892470086e+00,8.861123050606384055e+00,9.564959400088815400e+00,8.135186330506753549e+00,7.209106308990103962e+00,8.665946600180683745e+00,7.029648401867675034e+00,8.082731152910973549e+00,8.176021484357557156e+00,6.696291849463203327e+00,6.297804112996228554e+00
8.068330376547955041e+00,6.755995424716961573e+00,7.142211472528487093e+00,6.350890114754839111e+00,6.053127816414349383e+00,5.846054226455618341e+00,6.217321318202950309e+00,6.376145221686586595e+00,5.865826416868318738e+00,5.652382240110855882e+00,4.967072263459538561e+00,6.246122320200282907e+00,7.246370845204932465e+00,7.371480186070001217e+00,8.457819492524977889e+00,9.298388673197859333e+00,1.018720965211995733e+01,1.096146093816707356e+01,1.045696409245168823e+01,1.268941732502746511e+01,1.389879433902971506e+01,1.202120654619814211e+01,1.125387188677150974e+01,1.124387321927681249e+01,1.130459965593442639e+01,1.148029899377239360e+01,9.238226817025548598e+00,1.091967521252854212e+01,9.442924446589215037e+00,1.184740550576309204e+01,9.612875865217835880e+00,1.176830683991448545e+01,9.749835019573737327e+00,1.082282105432679842e+01,1.122397372489190381e+01,1.171283448589660559e+01,1.046880034205673304e+01,1.107995088849634868e+01,9.211894421981666525e+00,8.040624979739702027e+00,9.634889948999173725e+00,7.694899268675282400e+00,8.948434797454446255e+00,9.339964268448094131e+00,7.388927097618914530e+00,7.167279841938305474e+00
6.820305763786467246e+00,5.827183315982302325e+00,6.145262887623693437e+00,5.538483085964648112e+00,5.257398097344089472e+00,5.108879848126380629e+00,5.350894351534580373e+00,5.436338425887656811e+00,5.069279304247243267e+00,4.822666183174725951e+00,4.200837985424216825e+00,5.326662046979971699e+00,6.263592192484187748e+00,6.327944965073229788e+00,7.017594887276240812e+00,7.673947273504903244e+00,8.003281649596841518e+00,8.723529741561636186e+00,8.440745395478888469e+00,1.003472708637427679e+01,1.099139804051789859e+01,9.718109220475293242e+00,9.228848078692257317e+00,9.207226347740489203e+00,9.177084111540947831e+00,9.389333337434157656e+00,7.685722737285201944e+00,9.314862533284513191e+00,8.156467709367351659e+00,1.005075145073799625e+01,8.242036801335020257e+00,9.749835019573737327e+00,8.332510824821513395e+00,9.129164774268870630e+00,9.361718751938937544e+00,9.948432086902835536e+00,8.855135324336115943e+00,9.705259717067523439e+00,8.124865835125040903e+00,7.197000656887844627e+00,8.620341984084385345e+00,7.032225077709083116e+00,8.088598243425355605e+00,8.379699547289359174e+00,6.747393987244608482e+00,6.477685521073760277e+00
8.052112962427152354e+00,6.774292979052678909e+00,7.376061638849812141e+00,6.883643117976006920e+00,6.310354018252547270e+00,6.424478684405914741e+00,6.592134837104596023e+00,6.746712113792186827e+00,6.215085448139528346e+00,5.878581336989529227e+00,5.329002609398013846e+00,6.305651293247470868e+00,7.412558308271274043e+00,7.149442456000835833e+00,8.007573577299750056e+00,8.792986602511325245e+00,1.030880688012892321e+01,1.085913088904351653e+01,1.010532718619657189e+01,1.174519792964551002e+01,1.306514369983945834e+01,1.128249538449346367e+01,1.046152766815261614e+01,1.072626247205668371e+01,1.065422302562180512e+01,1.110830767232455329e+01,8.829871243399967540e+00,9.823290269801153940e+00,8.904014127474566109e+00,1.061945625328835874e+01,9.196017605786025229e+00,1.082282105432679842e+01,9.129164774268870630e+00,1.112849544875011887e+01,1.121655635902579995e+01,1.212204197623227664e+01,1.063439167304278854e+01,1.119244868404996396e+01,9.950865890360576671e+00,8.907757045600831702e+00,1.025058931476611690e+01,8.058751245840655386e+00,9.497393842218771809e+00,9.203221564641754782e+00,7.730554097764016142e+00,7.329211220742783084e+00
